1
10
11
1140
1145
1159
1162
1186
1187
1190
12
1203
1205
1212
1214
1220
1221
1245
1285
1297
13
1323
1324
1330
1335
1338
1344
14
142
1430
1436
1437
1442
1449
1450
1457
1459
1462
1465
1485
1487
1492
15
1503
1509
1516
1525
1530
1558
1570
1571
1582
1586
1587
1589
1590
1595
1596
1597
1599
16
1601
1608
1611
1614
1622
1628
1633
1655
1679
1691
1693
1694
1696
17
1741
1742
1760
1771
1800
181
1817
1821
1853
1856
19
190
191
1915
1940
1942
1945
1947
1957
1958
2
20
201
2019
21
22
221
222
23
2399
25
2560
2589
26
262
2630
27
2771
28
29
2940
3
3077
309
31
32
3235
33
3378
338
339
34
340
341
342
3427
343
344
345
346
3465
3483
35
3535
3568
3571
362
367
37
3739
3772
3791
3793
38
3811
3848
39
3907
4
40
41
42
44
46
47
4776
48
49
5
50
51
53
54
5472
55
551
556
5597
5598
56
57
58
5855
5884
6
61
62
6223
63
630
6414
6538
658
659
661
662
664
665
674
677
678
681
682
6832
6833
6862
692
694
696
697
70
703
708
7195
7283
7424
7437
7462
7467
749
75
7522
7554
7555
757
7588
7598
7599
76
7600
77
770
78
79
797
799
8
80
81
82
83
84
867
877
883
89
95
96
acpi
asound
bootconfig
buddyinfo
bus
cgroups
cmdline
consoles
cpuinfo
crypto
devices
diskstats
dma
driver
dynamic_debug
execdomains
fb
filesystems
fs
interrupts
iomem
ioports
irq
kallsyms
kcore
keys
key-users
kmsg
kpagecgroup
kpagecount
kpageflags
loadavg
locks
mdstat
meminfo
misc
modules
mounts
mtrr
net
pagetypeinfo
partitions
pressure
schedstat
scsi
self
slabinfo
softirqs
stat
swaps
sys
sysrq-trigger
sysvipc
thread-self
timer_list
tty
uptime
version
vmallocinfo
vmstat
zoneinfo
